090600000000080300000000010060000800000205000000041000000300702401000000500000000
050608000300000070000000000000400601700100500200000000061000000000070020000090000
000600370801000000000200000070010060000004500200080000060700000000050800000000000
005000060000780000000000000200000407001300000000000800000601030040070000580000000
031000000000400006000000200600059000000010030400000000000200800050000010700600000
000000025000601000090000000805000600000020000000000300040250000300000790000800000
600500300000000010000000000000000596010024000000000000704000800000210000300900000
000010600050000030000080000700500020000002000008000000530900000000400807000000100
000530800700600000400000000100024000000000630000000000050301000000000042080000000
070060030500400100000000000400501000300000076000800000001000500060020000000000000
000700380501000000000200000000000506070400000000000900300056000080010040000000000
603001020000800500200000000050040700000003000000200000040750000000000031000000000
000030001007500000600000000810002000000600350400000000003000760040080000000000000
500300000000000801004000600000600430710000000000500000200000060000078000000010000
080071000000040600000000000040000008000600010200500000603000500500200000000080000
400000076000081000000000000000630004500000200017000000320400000000000810000000000
020540000040000006000000010080700500900020000000006000603000000000300200100000000
500060107030200000400000000280000030000007000000010000000800020000400600001000000
400010000060000020000000000000500270301400000008000000000600100070002000100000003
008000200400050000000600070000082000060000050000300000950100000000000306000000800
010000300000042000000090000000800100205000000600000004000310000900000020000700050
050000200000700010600080000012000050000600040000030000900000308000001000000000600
600050043200000007000400010070200000000060200010000000500000800000730000000000000
304050600000200000600000000080000072000031000000000000120700000000000340000000009
040000300000072000000010800200000010050700000000050000000800400701000000600300000
400080000000500100000000200000034070001000000060000000750000030000001640000200000
000042500100000070000000000400700000000000208000000650025000000000830000060100000
600800000000090500000000020025000700090000300000400001100300008000050060000000000
200400000000000031000000007000702500301000000900800000080000400000030090070000000
007000010400700000000800030200000400000010000000300000000002709530000000080000600
